20191001
20191002
20191003
20191004
20191008
20191009
20191011
20191015
20191016
20191018
20191022
20191023
20191024
20191025
20191029
20191030
20191031
20191105
20191107
20191112
20191114
20191119
20191121
20191126
20191128
20191203
20191205
20191210
20191212
20191217
20191219
20191224
20191226
20191231
20200102
20200107
20200109
20200114
20200116
20200121
20200123
20200128
20200130
20200204
20200206
20200211
20200213
20200218
20200220
20200225
20200227
20200303
20200305
20200310
20200312
20200317
20200319
20200324
20200326
20200331
20200402
20200407
20200409
20200414
20200416
20200421
20200423
20200428
20200430
20200505
20200507
20200512
20200514
20200519
20200521
20200526
20200528
20200602
20200604
20200609
20200611
20200616
20200618
20200623
20200625
20200630
20200702
20200707
20200709
20200714
20200716
20200721
20200723
20200728
20200730
20200804
20200806
