20191004
20191007
20191009
20191011
20191014
20191016
20191018
20191021
20191023
20191025
20191028
20191030
20191104
20191105
20191106
20191111
20191112
20191113
20191118
20191120
20191122
20191125
20191126
20191127
20191202
20191203
20191204
20191205
20191211
20191213
20191216
20191217
20191218
20191219
20191220
20191223
20191226
20191227
20191230
20200102
20200103
20200107
20200108
20200109
20200113
20200115
20200120
20200121
20200122
20200123
20200127
20200129
20200131
20200203
20200205
20200210
20200212
20200217
20200219
20200224
20200226
20200302
20200304
20200305
20200306
20200309
20200311
20200312
20200313
20200316
20200318
20200319
20200320
20200323
20200325
20200326
20200327
20200330
